 6.00   86.14  153.45   67.31
 7.00   99.83  177.99   78.16
 8.00  113.52  202.52   89.00
 9.00  127.20  227.02   99.82
10.00  140.87  251.49  110.63
11.00  154.52  275.94  121.41
12.00  168.17  300.35  132.18
13.00  181.80  324.72  142.92
14.00  195.26  349.05  153.80
15.00  208.35  373.34  164.99
16.00  221.14  397.59  176.45
17.00  233.64  421.79  188.15
18.00  245.72  445.94  200.22
19.00  256.69  469.18  212.49
20.00  267.58  489.16  221.57
21.00  278.39  508.90  230.52
22.00  289.08  528.39  239.31
23.00  299.65  545.51  245.86
24.00  309.00  561.70  252.70
25.00  318.11  577.73  259.63
26.00  327.16  593.57  266.41
27.00  336.17  609.34  273.17
28.00  345.12  625.09  279.97
29.00  354.01  640.82  286.82
30.00  362.86  656.52  293.66
31.00  371.68  672.18  300.50
32.00  380.48  687.79  307.32
33.00  389.23  703.35  314.12
34.00  397.92  718.83  320.91
35.00  406.56  734.24  327.68
36.00  415.14  749.57  334.43
37.00  423.65  764.82  341.16
38.00  432.10  779.98  347.88
39.00  440.49  795.06  354.56
40.00  448.81  810.05  361.23
41.00  457.07  824.94  367.87
42.00  465.25  839.74  374.49
43.00  473.36  854.44  381.08
44.00  481.41  869.05  387.64
45.00  489.38  883.55  394.17
46.00  497.28  897.95  400.67
47.00  505.11  912.25  407.14
48.00  512.87  926.45  413.57
49.00  520.56  940.53  419.97
50.00  528.17  954.51  426.34
51.00  535.71  968.38  432.67
52.00  543.18  982.14  438.96
53.00  550.57  995.79  445.22
54.00  557.89 1009.34  451.45
55.00  565.14 1022.78  457.64
56.00  572.32 1036.11  463.79
57.00  579.42 1049.33  469.91
58.00  586.45 1062.44  475.99
59.00  593.41 1075.44  482.03
60.00  600.29 1088.33  488.03
61.00  607.11 1101.11  494.00
62.00  613.85 1113.77  499.93
63.00  620.51 1126.33  505.81
64.00  627.11 1138.76  511.65
65.00  633.64 1151.09  517.45
66.00  640.09 1163.30  523.21
67.00  646.47 1175.40  528.93
68.00  652.78 1187.39  534.61
69.00  659.01 1199.26  540.25
70.00  665.18 1211.02  545.84
71.00  671.27 1222.66  551.39
72.00  677.29 1234.19  556.90
73.00  683.24 1245.60  562.36
74.00  689.11 1256.89  567.78
75.00  694.91 1268.06  573.15
76.00  700.63 1279.11  578.48
77.00  706.29 1290.04  583.75
78.00  711.87 1300.86  589.00
79.00  717.37 1311.57  594.19
80.00  722.81 1322.13  599.33
81.00  728.17 1332.60  604.43
82.00  733.44 1342.93  609.49
83.00  738.65 1353.14  614.49
84.00  743.78 1363.21  619.43
85.00  748.83 1373.17  624.33
86.00  753.80 1383.00  629.20
87.00  758.69 1392.71  634.02
88.00  763.50 1402.28  638.78
89.00  768.24 1411.72  643.48